--------------------------------------------------------------------------------------------------------------------------------------------------------------------------------------------------------------------------------------------
--------------------------------------------------------------------------------------------------------------------------------------------------------------------------------------------------------------------------------------------
--------------------------------------------------------------------------------------------------------------------------------------------------------------------------------------------------------------------------------------------
4183     0     0     0     0     0     0     0     0     0     0     0     0     0     0     0     0     0     0     0     0     0
 -4106  1083  4110  4183  4526     0     0     0     0     0     0     0     0     0     0     0     0     0     0     0     0     0     0     0     0
 -4106  1083  4110  4183  4526  1473     0     0     0     0     0     0     0     0     0     0     0     0     0     0     0     0     0     0     0
 -4106  1083  1473  4110  4183  4526  -359     0     0     0     0     0     0     0     0     0     0     0     0     0     0     0     0     0     0
 -4106  -359  1083  1473  4110  4183  4526 -3772     0     0     0     0     0     0     0     0     0     0     0     0     0     0     0     0     0
 -4106 -3772  -359  1083  1473  4110  4183  4526  3668     0     0     0     0     0     0     0     0     0     0     0     0     0     0     0     0
 -4106 -3772  -359  1083  1473  3668  4110  4183  4526  -867     0     0     0     0     0     0     0     0     0     0     0     0     0     0     0
 -4106 -3772  -867  -359  1083  1473  3668  4110  4183  4526 -2835     0     0     0     0     0     0     0     0     0     0     0     0     0     0
 -4106 -3772 -2835  -867  -359  1083  1473  3668  4110  4183  4526   828     0     0     0     0     0     0     0     0     0     0     0     0     0
 -4106 -3772 -2835  -867  -359   828  1083  1473  3668  4110  4183  4526  2639     0     0     0     0     0     0     0     0     0     0     0     0
 -4106 -3772 -2835  -867  -359   828  1083  1473  2639  3668  4110  4183  4526 -4746     0     0     0     0     0     0     0     0     0     0     0
 -4746 -4106 -3772 -2835  -867  -359   828  1083  1473  2639  3668  4110  4183  4526 -1257     0     0     0     0     0     0     0     0     0     0
 -4746 -4106 -3772 -2835 -1257  -867  -359   828  1083  1473  2639  3668  4110  4183  4526 -1802     0     0     0     0     0     0     0     0     0
 -4746 -4106 -3772 -2835 -1802 -1257  -867  -359   828  1083  1473  2639  3668  4110  4183  4526  4937     0     0     0     0     0     0     0     0
 -4746 -4106 -3772 -2835 -1802 -1257  -867  -359   828  1083  1473  2639  3668  4110  4183  4526  4937  -486     0     0     0     0     0     0     0
 -4746 -4106 -3772 -2835 -1802 -1257  -867  -486  -359   828  1083  1473  2639  3668  4110  4183  4526  4937 -2971     0     0     0     0     0     0
 -4746 -4106 -3772 -2971 -2835 -1802 -1257  -867  -486  -359   828  1083  1473  2639  3668  4110  4183  4526  4937 -1165     0     0     0     0     0
 -4746 -4106 -3772 -2971 -2835 -1802 -1257 -1165  -867  -486  -359   828  1083  1473  2639  3668  4110  4183  4526  4937 -3615     0     0     0     0
 -4746 -4106 -3772 -3615 -2971 -2835 -1802 -1257 -1165  -867  -486  -359   828  1083  1473  2639  3668  4110  4183  4526  4937  2848     0     0     0
 -4746 -4106 -3772 -3615 -2971 -2835 -1802 -1257 -1165  -867  -486  -359   828  1083  1473  2639  2848  3668  4110  4183  4526  4937  2332     0     0
 -4746 -4106 -3772 -3615 -2971 -2835 -1802 -1257 -1165  -867  -486  -359   828  1083  1473  2332  2639  2848  3668  4110  4183  4526  4937  -408     0
 -4746 -4106 -3772 -3615 -2971 -2835 -1802 -1257 -1165  -867  -486  -408  -359   828  1083  1473  2332  2639  2848  3668  4110  4183  4526  4937  4428
 -4746 -4106 -3772 -3615 -2971 -2835 -1802 -1257 -1165  -867  -486  -408  -359   828  1083  1473  2332  2639  2848  3668  4110  4183  4526  4937  4428
  1083  4110 -4106  4183  4526  1473  -359 -3772  3668  -867 -2835   828  2639 -4746 -1257 -1802  4937  -486 -2971 -1165 -3615  2848  2332  -408  4428
 -4106  4110  1083  4183  4526  1473  -359 -3772  3668  -867 -2835   828  2639 -4746 -1257 -1802  4937  -486 -2971 -1165 -3615  2848  2332  -408  4428
 -4746  4110  1083  4183  4526  1473  -359 -3772  3668  -867 -2835   828  2639 -4106 -1257 -1802  4937  -486 -2971 -1165 -3615  2848  2332  -408  4428
 -4746  1083  4110  4183  4526  1473  -359 -3772  3668  -867 -2835   828  2639 -4106 -1257 -1802  4937  -486 -2971 -1165 -3615  2848  2332  -408  4428
 -4746  -359  4110  4183  4526  1473  1083 -3772  3668  -867 -2835   828  2639 -4106 -1257 -1802  4937  -486 -2971 -1165 -3615  2848  2332  -408  4428
 -4746 -3772  4110  4183  4526  1473  1083  -359  3668  -867 -2835   828  2639 -4106 -1257 -1802  4937  -486 -2971 -1165 -3615  2848  2332  -408  4428
 -4746 -4106  4110  4183  4526  1473  1083  -359  3668  -867 -2835   828  2639 -3772 -1257 -1802  4937  -486 -2971 -1165 -3615  2848  2332  -408  4428
 -4746 -4106  1473  4183  4526  4110  1083  -359  3668  -867 -2835   828  2639 -3772 -1257 -1802  4937  -486 -2971 -1165 -3615  2848  2332  -408  4428
 -4746 -4106  1083  4183  4526  4110  1473  -359  3668  -867 -2835   828  2639 -3772 -1257 -1802  4937  -486 -2971 -1165 -3615  2848  2332  -408  4428
 -4746 -4106  -359  4183  4526  4110  1473  1083  3668  -867 -2835   828  2639 -3772 -1257 -1802  4937  -486 -2971 -1165 -3615  2848  2332  -408  4428
 -4746 -4106  -867  4183  4526  4110  1473  1083  3668  -359 -2835   828  2639 -3772 -1257 -1802  4937  -486 -2971 -1165 -3615  2848  2332  -408  4428
 -4746 -4106 -2835  4183  4526  4110  1473  1083  3668  -359  -867   828  2639 -3772 -1257 -1802  4937  -486 -2971 -1165 -3615  2848  2332  -408  4428
 -4746 -4106 -3772  4183  4526  4110  1473  1083  3668  -359  -867   828  2639 -2835 -1257 -1802  4937  -486 -2971 -1165 -3615  2848  2332  -408  4428
 -4746 -4106 -3772  4110  4526  4183  1473  1083  3668  -359  -867   828  2639 -2835 -1257 -1802  4937  -486 -2971 -1165 -3615  2848  2332  -408  4428
 -4746 -4106 -3772  1473  4526  4183  4110  1083  3668  -359  -867   828  2639 -2835 -1257 -1802  4937  -486 -2971 -1165 -3615  2848  2332  -408  4428
 -4746 -4106 -3772  1083  4526  4183  4110  1473  3668  -359  -867   828  2639 -2835 -1257 -1802  4937  -486 -2971 -1165 -3615  2848  2332  -408  4428
 -4746 -4106 -3772  -359  4526  4183  4110  1473  3668  1083  -867   828  2639 -2835 -1257 -1802  4937  -486 -2971 -1165 -3615  2848  2332  -408  4428
 -4746 -4106 -3772  -867  4526  4183  4110  1473  3668  1083  -359   828  2639 -2835 -1257 -1802  4937  -486 -2971 -1165 -3615  2848  2332  -408  4428
 -4746 -4106 -3772 -2835  4526  4183  4110  1473  3668  1083  -359   828  2639  -867 -1257 -1802  4937  -486 -2971 -1165 -3615  2848  2332  -408  4428
 -4746 -4106 -3772 -2971  4526  4183  4110  1473  3668  1083  -359   828  2639  -867 -1257 -1802  4937  -486 -2835 -1165 -3615  2848  2332  -408  4428
 -4746 -4106 -3772 -3615  4526  4183  4110  1473  3668  1083  -359   828  2639  -867 -1257 -1802  4937  -486 -2835 -1165 -2971  2848  2332  -408  4428
 -4746 -4106 -3772 -3615  4183  4526  4110  1473  3668  1083  -359   828  2639  -867 -1257 -1802  4937  -486 -2835 -1165 -2971  2848  2332  -408  4428
 -4746 -4106 -3772 -3615  4110  4526  4183  1473  3668  1083  -359   828  2639  -867 -1257 -1802  4937  -486 -2835 -1165 -2971  2848  2332  -408  4428
 -4746 -4106 -3772 -3615  1473  4526  4183  4110  3668  1083  -359   828  2639  -867 -1257 -1802  4937  -486 -2835 -1165 -2971  2848  2332  -408  4428
 -4746 -4106 -3772 -3615  1083  4526  4183  4110  3668  1473  -359   828  2639  -867 -1257 -1802  4937  -486 -2835 -1165 -2971  2848  2332  -408  4428
 -4746 -4106 -3772 -3615  -359  4526  4183  4110  3668  1473  1083   828  2639  -867 -1257 -1802  4937  -486 -2835 -1165 -2971  2848  2332  -408  4428
 -4746 -4106 -3772 -3615  -867  4526  4183  4110  3668  1473  1083   828  2639  -359 -1257 -1802  4937  -486 -2835 -1165 -2971  2848  2332  -408  4428
 -4746 -4106 -3772 -3615 -1257  4526  4183  4110  3668  1473  1083   828  2639  -359  -867 -1802  4937  -486 -2835 -1165 -2971  2848  2332  -408  4428
 -4746 -4106 -3772 -3615 -1802  4526  4183  4110  3668  1473  1083   828  2639  -359  -867 -1257  4937  -486 -2835 -1165 -2971  2848  2332  -408  4428
 -4746 -4106 -3772 -3615 -2835  4526  4183  4110  3668  1473  1083   828  2639  -359  -867 -1257  4937  -486 -1802 -1165 -2971  2848  2332  -408  4428
 -4746 -4106 -3772 -3615 -2971  4526  4183  4110  3668  1473  1083   828  2639  -359  -867 -1257  4937  -486 -1802 -1165 -2835  2848  2332  -408  4428
 -4746 -4106 -3772 -3615 -2971  4183  4526  4110  3668  1473  1083   828  2639  -359  -867 -1257  4937  -486 -1802 -1165 -2835  2848  2332  -408  4428
 -4746 -4106 -3772 -3615 -2971  4110  4526  4183  3668  1473  1083   828  2639  -359  -867 -1257  4937  -486 -1802 -1165 -2835  2848  2332  -408  4428
 -4746 -4106 -3772 -3615 -2971  3668  4526  4183  4110  1473  1083   828  2639  -359  -867 -1257  4937  -486 -1802 -1165 -2835  2848  2332  -408  4428
 -4746 -4106 -3772 -3615 -2971  1473  4526  4183  4110  3668  1083   828  2639  -359  -867 -1257  4937  -486 -1802 -1165 -2835  2848  2332  -408  4428
 -4746 -4106 -3772 -3615 -2971  1083  4526  4183  4110  3668  1473   828  2639  -359  -867 -1257  4937  -486 -1802 -1165 -2835  2848  2332  -408  4428
 -4746 -4106 -3772 -3615 -2971   828  4526  4183  4110  3668  1473  1083  2639  -359  -867 -1257  4937  -486 -1802 -1165 -2835  2848  2332  -408  4428
 -4746 -4106 -3772 -3615 -2971  -359  4526  4183  4110  3668  1473  1083  2639   828  -867 -1257  4937  -486 -1802 -1165 -2835  2848  2332  -408  4428
 -4746 -4106 -3772 -3615 -2971  -867  4526  4183  4110  3668  1473  1083  2639   828  -359 -1257  4937  -486 -1802 -1165 -2835  2848  2332  -408  4428
 -4746 -4106 -3772 -3615 -2971 -1257  4526  4183  4110  3668  1473  1083  2639   828  -359  -867  4937  -486 -1802 -1165 -2835  2848  2332  -408  4428
 -4746 -4106 -3772 -3615 -2971 -1802  4526  4183  4110  3668  1473  1083  2639   828  -359  -867  4937  -486 -1257 -1165 -2835  2848  2332  -408  4428
 -4746 -4106 -3772 -3615 -2971 -2835  4526  4183  4110  3668  1473  1083  2639   828  -359  -867  4937  -486 -1257 -1165 -1802  2848  2332  -408  4428
 -4746 -4106 -3772 -3615 -2971 -2835  4183  4526  4110  3668  1473  1083  2639   828  -359  -867  4937  -486 -1257 -1165 -1802  2848  2332  -408  4428
 -4746 -4106 -3772 -3615 -2971 -2835  4110  4526  4183  3668  1473  1083  2639   828  -359  -867  4937  -486 -1257 -1165 -1802  2848  2332  -408  4428
 -4746 -4106 -3772 -3615 -2971 -2835  3668  4526  4183  4110  1473  1083  2639   828  -359  -867  4937  -486 -1257 -1165 -1802  2848  2332  -408  4428
 -4746 -4106 -3772 -3615 -2971 -2835  1473  4526  4183  4110  3668  1083  2639   828  -359  -867  4937  -486 -1257 -1165 -1802  2848  2332  -408  4428
 -4746 -4106 -3772 -3615 -2971 -2835  1083  4526  4183  4110  3668  1473  2639   828  -359  -867  4937  -486 -1257 -1165 -1802  2848  2332  -408  4428
 -4746 -4106 -3772 -3615 -2971 -2835   828  4526  4183  4110  3668  1473  2639  1083  -359  -867  4937  -486 -1257 -1165 -1802  2848  2332  -408  4428
 -4746 -4106 -3772 -3615 -2971 -2835  -359  4526  4183  4110  3668  1473  2639  1083   828  -867  4937  -486 -1257 -1165 -1802  2848  2332  -408  4428
 -4746 -4106 -3772 -3615 -2971 -2835  -867  4526  4183  4110  3668  1473  2639  1083   828  -359  4937  -486 -1257 -1165 -1802  2848  2332  -408  4428
 -4746 -4106 -3772 -3615 -2971 -2835 -1257  4526  4183  4110  3668  1473  2639  1083   828  -359  4937  -486  -867 -1165 -1802  2848  2332  -408  4428
 -4746 -4106 -3772 -3615 -2971 -2835 -1802  4526  4183  4110  3668  1473  2639  1083   828  -359  4937  -486  -867 -1165 -1257  2848  2332  -408  4428
 -4746 -4106 -3772 -3615 -2971 -2835 -1802  4183  4526  4110  3668  1473  2639  1083   828  -359  4937  -486  -867 -1165 -1257  2848  2332  -408  4428
 -4746 -4106 -3772 -3615 -2971 -2835 -1802  4110  4526  4183  3668  1473  2639  1083   828  -359  4937  -486  -867 -1165 -1257  2848  2332  -408  4428
 -4746 -4106 -3772 -3615 -2971 -2835 -1802  3668  4526  4183  4110  1473  2639  1083   828  -359  4937  -486  -867 -1165 -1257  2848  2332  -408  4428
 -4746 -4106 -3772 -3615 -2971 -2835 -1802  1473  4526  4183  4110  3668  2639  1083   828  -359  4937  -486  -867 -1165 -1257  2848  2332  -408  4428
 -4746 -4106 -3772 -3615 -2971 -2835 -1802  1083  4526  4183  4110  3668  2639  1473   828  -359  4937  -486  -867 -1165 -1257  2848  2332  -408  4428
 -4746 -4106 -3772 -3615 -2971 -2835 -1802   828  4526  4183  4110  3668  2639  1473  1083  -359  4937  -486  -867 -1165 -1257  2848  2332  -408  4428
 -4746 -4106 -3772 -3615 -2971 -2835 -1802  -359  4526  4183  4110  3668  2639  1473  1083   828  4937  -486  -867 -1165 -1257  2848  2332  -408  4428
 -4746 -4106 -3772 -3615 -2971 -2835 -1802  -486  4526  4183  4110  3668  2639  1473  1083   828  4937  -359  -867 -1165 -1257  2848  2332  -408  4428
 -4746 -4106 -3772 -3615 -2971 -2835 -1802  -867  4526  4183  4110  3668  2639  1473  1083   828  4937  -359  -486 -1165 -1257  2848  2332  -408  4428
 -4746 -4106 -3772 -3615 -2971 -2835 -1802 -1165  4526  4183  4110  3668  2639  1473  1083   828  4937  -359  -486  -867 -1257  2848  2332  -408  4428
 -4746 -4106 -3772 -3615 -2971 -2835 -1802 -1257  4526  4183  4110  3668  2639  1473  1083   828  4937  -359  -486  -867 -1165  2848  2332  -408  4428
 -4746 -4106 -3772 -3615 -2971 -2835 -1802 -1257  4183  4526  4110  3668  2639  1473  1083   828  4937  -359  -486  -867 -1165  2848  2332  -408  4428
 -4746 -4106 -3772 -3615 -2971 -2835 -1802 -1257  4110  4526  4183  3668  2639  1473  1083   828  4937  -359  -486  -867 -1165  2848  2332  -408  4428
 -4746 -4106 -3772 -3615 -2971 -2835 -1802 -1257  3668  4526  4183  4110  2639  1473  1083   828  4937  -359  -486  -867 -1165  2848  2332  -408  4428
 -4746 -4106 -3772 -3615 -2971 -2835 -1802 -1257  2639  4526  4183  4110  3668  1473  1083   828  4937  -359  -486  -867 -1165  2848  2332  -408  4428
 -4746 -4106 -3772 -3615 -2971 -2835 -1802 -1257  1473  4526  4183  4110  3668  2639  1083   828  4937  -359  -486  -867 -1165  2848  2332  -408  4428
 -4746 -4106 -3772 -3615 -2971 -2835 -1802 -1257  1083  4526  4183  4110  3668  2639  1473   828  4937  -359  -486  -867 -1165  2848  2332  -408  4428
 -4746 -4106 -3772 -3615 -2971 -2835 -1802 -1257   828  4526  4183  4110  3668  2639  1473  1083  4937  -359  -486  -867 -1165  2848  2332  -408  4428
 -4746 -4106 -3772 -3615 -2971 -2835 -1802 -1257  -359  4526  4183  4110  3668  2639  1473  1083  4937   828  -486  -867 -1165  2848  2332  -408  4428
 -4746 -4106 -3772 -3615 -2971 -2835 -1802 -1257  -486  4526  4183  4110  3668  2639  1473  1083  4937   828  -359  -867 -1165  2848  2332  -408  4428
 -4746 -4106 -3772 -3615 -2971 -2835 -1802 -1257  -867  4526  4183  4110  3668  2639  1473  1083  4937   828  -359  -486 -1165  2848  2332  -408  4428
 -4746 -4106 -3772 -3615 -2971 -2835 -1802 -1257 -1165  4526  4183  4110  3668  2639  1473  1083  4937   828  -359  -486  -867  2848  2332  -408  4428
 -4746 -4106 -3772 -3615 -2971 -2835 -1802 -1257 -1165  4183  4526  4110  3668  2639  1473  1083  4937   828  -359  -486  -867  2848  2332  -408  4428
 -4746 -4106 -3772 -3615 -2971 -2835 -1802 -1257 -1165  4110  4526  4183  3668  2639  1473  1083  4937   828  -359  -486  -867  2848  2332  -408  4428
 -4746 -4106 -3772 -3615 -2971 -2835 -1802 -1257 -1165  3668  4526  4183  4110  2639  1473  1083  4937   828  -359  -486  -867  2848  2332  -408  4428
 -4746 -4106 -3772 -3615 -2971 -2835 -1802 -1257 -1165  2639  4526  4183  4110  3668  1473  1083  4937   828  -359  -486  -867  2848  2332  -408  4428
 -4746 -4106 -3772 -3615 -2971 -2835 -1802 -1257 -1165  1473  4526  4183  4110  3668  2639  1083  4937   828  -359  -486  -867  2848  2332  -408  4428
 -4746 -4106 -3772 -3615 -2971 -2835 -1802 -1257 -1165  1083  4526  4183  4110  3668  2639  1473  4937   828  -359  -486  -867  2848  2332  -408  4428
 -4746 -4106 -3772 -3615 -2971 -2835 -1802 -1257 -1165   828  4526  4183  4110  3668  2639  1473  4937  1083  -359  -486  -867  2848  2332  -408  4428
 -4746 -4106 -3772 -3615 -2971 -2835 -1802 -1257 -1165  -359  4526  4183  4110  3668  2639  1473  4937  1083   828  -486  -867  2848  2332  -408  4428
 -4746 -4106 -3772 -3615 -2971 -2835 -1802 -1257 -1165  -486  4526  4183  4110  3668  2639  1473  4937  1083   828  -359  -867  2848  2332  -408  4428
 -4746 -4106 -3772 -3615 -2971 -2835 -1802 -1257 -1165  -867  4526  4183  4110  3668  2639  1473  4937  1083   828  -359  -486  2848  2332  -408  4428
 -4746 -4106 -3772 -3615 -2971 -2835 -1802 -1257 -1165  -867  4183  4526  4110  3668  2639  1473  4937  1083   828  -359  -486  2848  2332  -408  4428
 -4746 -4106 -3772 -3615 -2971 -2835 -1802 -1257 -1165  -867  4110  4526  4183  3668  2639  1473  4937  1083   828  -359  -486  2848  2332  -408  4428
 -4746 -4106 -3772 -3615 -2971 -2835 -1802 -1257 -1165  -867  3668  4526  4183  4110  2639  1473  4937  1083   828  -359  -486  2848  2332  -408  4428
 -4746 -4106 -3772 -3615 -2971 -2835 -1802 -1257 -1165  -867  2639  4526  4183  4110  3668  1473  4937  1083   828  -359  -486  2848  2332  -408  4428
 -4746 -4106 -3772 -3615 -2971 -2835 -1802 -1257 -1165  -867  1473  4526  4183  4110  3668  2639  4937  1083   828  -359  -486  2848  2332  -408  4428
 -4746 -4106 -3772 -3615 -2971 -2835 -1802 -1257 -1165  -867  1083  4526  4183  4110  3668  2639  4937  1473   828  -359  -486  2848  2332  -408  4428
 -4746 -4106 -3772 -3615 -2971 -2835 -1802 -1257 -1165  -867   828  4526  4183  4110  3668  2639  4937  1473  1083  -359  -486  2848  2332  -408  4428
 -4746 -4106 -3772 -3615 -2971 -2835 -1802 -1257 -1165  -867  -359  4526  4183  4110  3668  2639  4937  1473  1083   828  -486  2848  2332  -408  4428
 -4746 -4106 -3772 -3615 -2971 -2835 -1802 -1257 -1165  -867  -486  4526  4183  4110  3668  2639  4937  1473  1083   828  -359  2848  2332  -408  4428
 -4746 -4106 -3772 -3615 -2971 -2835 -1802 -1257 -1165  -867  -486  4183  4526  4110  3668  2639  4937  1473  1083   828  -359  2848  2332  -408  4428
 -4746 -4106 -3772 -3615 -2971 -2835 -1802 -1257 -1165  -867  -486  4110  4526  4183  3668  2639  4937  1473  1083   828  -359  2848  2332  -408  4428
 -4746 -4106 -3772 -3615 -2971 -2835 -1802 -1257 -1165  -867  -486  3668  4526  4183  4110  2639  4937  1473  1083   828  -359  2848  2332  -408  4428
 -4746 -4106 -3772 -3615 -2971 -2835 -1802 -1257 -1165  -867  -486  2639  4526  4183  4110  3668  4937  1473  1083   828  -359  2848  2332  -408  4428
 -4746 -4106 -3772 -3615 -2971 -2835 -1802 -1257 -1165  -867  -486  1473  4526  4183  4110  3668  4937  2639  1083   828  -359  2848  2332  -408  4428
 -4746 -4106 -3772 -3615 -2971 -2835 -1802 -1257 -1165  -867  -486  1083  4526  4183  4110  3668  4937  2639  1473   828  -359  2848  2332  -408  4428
 -4746 -4106 -3772 -3615 -2971 -2835 -1802 -1257 -1165  -867  -486   828  4526  4183  4110  3668  4937  2639  1473  1083  -359  2848  2332  -408  4428
 -4746 -4106 -3772 -3615 -2971 -2835 -1802 -1257 -1165  -867  -486  -359  4526  4183  4110  3668  4937  2639  1473  1083   828  2848  2332  -408  4428
 -4746 -4106 -3772 -3615 -2971 -2835 -1802 -1257 -1165  -867  -486  -408  4526  4183  4110  3668  4937  2639  1473  1083   828  2848  2332  -359  4428
 -4746 -4106 -3772 -3615 -2971 -2835 -1802 -1257 -1165  -867  -486  -408  4183  4526  4110  3668  4937  2639  1473  1083   828  2848  2332  -359  4428
 -4746 -4106 -3772 -3615 -2971 -2835 -1802 -1257 -1165  -867  -486  -408  4110  4526  4183  3668  4937  2639  1473  1083   828  2848  2332  -359  4428
 -4746 -4106 -3772 -3615 -2971 -2835 -1802 -1257 -1165  -867  -486  -408  3668  4526  4183  4110  4937  2639  1473  1083   828  2848  2332  -359  4428
 -4746 -4106 -3772 -3615 -2971 -2835 -1802 -1257 -1165  -867  -486  -408  2639  4526  4183  4110  4937  3668  1473  1083   828  2848  2332  -359  4428
 -4746 -4106 -3772 -3615 -2971 -2835 -1802 -1257 -1165  -867  -486  -408  1473  4526  4183  4110  4937  3668  2639  1083   828  2848  2332  -359  4428
 -4746 -4106 -3772 -3615 -2971 -2835 -1802 -1257 -1165  -867  -486  -408  1083  4526  4183  4110  4937  3668  2639  1473   828  2848  2332  -359  4428
 -4746 -4106 -3772 -3615 -2971 -2835 -1802 -1257 -1165  -867  -486  -408   828  4526  4183  4110  4937  3668  2639  1473  1083  2848  2332  -359  4428
 -4746 -4106 -3772 -3615 -2971 -2835 -1802 -1257 -1165  -867  -486  -408  -359  4526  4183  4110  4937  3668  2639  1473  1083  2848  2332   828  4428
 -4746 -4106 -3772 -3615 -2971 -2835 -1802 -1257 -1165  -867  -486  -408  -359  4183  4526  4110  4937  3668  2639  1473  1083  2848  2332   828  4428
 -4746 -4106 -3772 -3615 -2971 -2835 -1802 -1257 -1165  -867  -486  -408  -359  4110  4526  4183  4937  3668  2639  1473  1083  2848  2332   828  4428
 -4746 -4106 -3772 -3615 -2971 -2835 -1802 -1257 -1165  -867  -486  -408  -359  3668  4526  4183  4937  4110  2639  1473  1083  2848  2332   828  4428
 -4746 -4106 -3772 -3615 -2971 -2835 -1802 -1257 -1165  -867  -486  -408  -359  2639  4526  4183  4937  4110  3668  1473  1083  2848  2332   828  4428
 -4746 -4106 -3772 -3615 -2971 -2835 -1802 -1257 -1165  -867  -486  -408  -359  1473  4526  4183  4937  4110  3668  2639  1083  2848  2332   828  4428
 -4746 -4106 -3772 -3615 -2971 -2835 -1802 -1257 -1165  -867  -486  -408  -359  1083  4526  4183  4937  4110  3668  2639  1473  2848  2332   828  4428
 -4746 -4106 -3772 -3615 -2971 -2835 -1802 -1257 -1165  -867  -486  -408  -359   828  4526  4183  4937  4110  3668  2639  1473  2848  2332  1083  4428
 -4746 -4106 -3772 -3615 -2971 -2835 -1802 -1257 -1165  -867  -486  -408  -359   828  4183  4526  4937  4110  3668  2639  1473  2848  2332  1083  4428
 -4746 -4106 -3772 -3615 -2971 -2835 -1802 -1257 -1165  -867  -486  -408  -359   828  4110  4526  4937  4183  3668  2639  1473  2848  2332  1083  4428
 -4746 -4106 -3772 -3615 -2971 -2835 -1802 -1257 -1165  -867  -486  -408  -359   828  3668  4526  4937  4183  4110  2639  1473  2848  2332  1083  4428
 -4746 -4106 -3772 -3615 -2971 -2835 -1802 -1257 -1165  -867  -486  -408  -359   828  2639  4526  4937  4183  4110  3668  1473  2848  2332  1083  4428
 -4746 -4106 -3772 -3615 -2971 -2835 -1802 -1257 -1165  -867  -486  -408  -359   828  1473  4526  4937  4183  4110  3668  2639  2848  2332  1083  4428
 -4746 -4106 -3772 -3615 -2971 -2835 -1802 -1257 -1165  -867  -486  -408  -359   828  1083  4526  4937  4183  4110  3668  2639  2848  2332  1473  4428
 -4746 -4106 -3772 -3615 -2971 -2835 -1802 -1257 -1165  -867  -486  -408  -359   828  1083  4183  4937  4526  4110  3668  2639  2848  2332  1473  4428
 -4746 -4106 -3772 -3615 -2971 -2835 -1802 -1257 -1165  -867  -486  -408  -359   828  1083  4110  4937  4526  4183  3668  2639  2848  2332  1473  4428
 -4746 -4106 -3772 -3615 -2971 -2835 -1802 -1257 -1165  -867  -486  -408  -359   828  1083  3668  4937  4526  4183  4110  2639  2848  2332  1473  4428
 -4746 -4106 -3772 -3615 -2971 -2835 -1802 -1257 -1165  -867  -486  -408  -359   828  1083  2639  4937  4526  4183  4110  3668  2848  2332  1473  4428
 -4746 -4106 -3772 -3615 -2971 -2835 -1802 -1257 -1165  -867  -486  -408  -359   828  1083  2332  4937  4526  4183  4110  3668  2848  2639  1473  4428
 -4746 -4106 -3772 -3615 -2971 -2835 -1802 -1257 -1165  -867  -486  -408  -359   828  1083  1473  4937  4526  4183  4110  3668  2848  2639  2332  4428
 -4746 -4106 -3772 -3615 -2971 -2835 -1802 -1257 -1165  -867  -486  -408  -359   828  1083  1473  4526  4937  4183  4110  3668  2848  2639  2332  4428
 -4746 -4106 -3772 -3615 -2971 -2835 -1802 -1257 -1165  -867  -486  -408  -359   828  1083  1473  4183  4937  4526  4110  3668  2848  2639  2332  4428
 -4746 -4106 -3772 -3615 -2971 -2835 -1802 -1257 -1165  -867  -486  -408  -359   828  1083  1473  4110  4937  4526  4183  3668  2848  2639  2332  4428
 -4746 -4106 -3772 -3615 -2971 -2835 -1802 -1257 -1165  -867  -486  -408  -359   828  1083  1473  3668  4937  4526  4183  4110  2848  2639  2332  4428
 -4746 -4106 -3772 -3615 -2971 -2835 -1802 -1257 -1165  -867  -486  -408  -359   828  1083  1473  2848  4937  4526  4183  4110  3668  2639  2332  4428
 -4746 -4106 -3772 -3615 -2971 -2835 -1802 -1257 -1165  -867  -486  -408  -359   828  1083  1473  2639  4937  4526  4183  4110  3668  2848  2332  4428
 -4746 -4106 -3772 -3615 -2971 -2835 -1802 -1257 -1165  -867  -486  -408  -359   828  1083  1473  2332  4937  4526  4183  4110  3668  2848  2639  4428
 -4746 -4106 -3772 -3615 -2971 -2835 -1802 -1257 -1165  -867  -486  -408  -359   828  1083  1473  2332  4526  4937  4183  4110  3668  2848  2639  4428
 -4746 -4106 -3772 -3615 -2971 -2835 -1802 -1257 -1165  -867  -486  -408  -359   828  1083  1473  2332  4183  4937  4526  4110  3668  2848  2639  4428
 -4746 -4106 -3772 -3615 -2971 -2835 -1802 -1257 -1165  -867  -486  -408  -359   828  1083  1473  2332  4110  4937  4526  4183  3668  2848  2639  4428
 -4746 -4106 -3772 -3615 -2971 -2835 -1802 -1257 -1165  -867  -486  -408  -359   828  1083  1473  2332  3668  4937  4526  4183  4110  2848  2639  4428
 -4746 -4106 -3772 -3615 -2971 -2835 -1802 -1257 -1165  -867  -486  -408  -359   828  1083  1473  2332  2848  4937  4526  4183  4110  3668  2639  4428
 -4746 -4106 -3772 -3615 -2971 -2835 -1802 -1257 -1165  -867  -486  -408  -359   828  1083  1473  2332  2639  4937  4526  4183  4110  3668  2848  4428
 -4746 -4106 -3772 -3615 -2971 -2835 -1802 -1257 -1165  -867  -486  -408  -359   828  1083  1473  2332  2639  4526  4937  4183  4110  3668  2848  4428
 -4746 -4106 -3772 -3615 -2971 -2835 -1802 -1257 -1165  -867  -486  -408  -359   828  1083  1473  2332  2639  4183  4937  4526  4110  3668  2848  4428
 -4746 -4106 -3772 -3615 -2971 -2835 -1802 -1257 -1165  -867  -486  -408  -359   828  1083  1473  2332  2639  4110  4937  4526  4183  3668  2848  4428
 -4746 -4106 -3772 -3615 -2971 -2835 -1802 -1257 -1165  -867  -486  -408  -359   828  1083  1473  2332  2639  3668  4937  4526  4183  4110  2848  4428
 -4746 -4106 -3772 -3615 -2971 -2835 -1802 -1257 -1165  -867  -486  -408  -359   828  1083  1473  2332  2639  2848  4937  4526  4183  4110  3668  4428
 -4746 -4106 -3772 -3615 -2971 -2835 -1802 -1257 -1165  -867  -486  -408  -359   828  1083  1473  2332  2639  2848  4526  4937  4183  4110  3668  4428
 -4746 -4106 -3772 -3615 -2971 -2835 -1802 -1257 -1165  -867  -486  -408  -359   828  1083  1473  2332  2639  2848  4183  4937  4526  4110  3668  4428
 -4746 -4106 -3772 -3615 -2971 -2835 -1802 -1257 -1165  -867  -486  -408  -359   828  1083  1473  2332  2639  2848  4110  4937  4526  4183  3668  4428
 -4746 -4106 -3772 -3615 -2971 -2835 -1802 -1257 -1165  -867  -486  -408  -359   828  1083  1473  2332  2639  2848  3668  4937  4526  4183  4110  4428
 -4746 -4106 -3772 -3615 -2971 -2835 -1802 -1257 -1165  -867  -486  -408  -359   828  1083  1473  2332  2639  2848  3668  4526  4937  4183  4110  4428
 -4746 -4106 -3772 -3615 -2971 -2835 -1802 -1257 -1165  -867  -486  -408  -359   828  1083  1473  2332  2639  2848  3668  4183  4937  4526  4110  4428
 -4746 -4106 -3772 -3615 -2971 -2835 -1802 -1257 -1165  -867  -486  -408  -359   828  1083  1473  2332  2639  2848  3668  4110  4937  4526  4183  4428
 -4746 -4106 -3772 -3615 -2971 -2835 -1802 -1257 -1165  -867  -486  -408  -359   828  1083  1473  2332  2639  2848  3668  4110  4526  4937  4183  4428
 -4746 -4106 -3772 -3615 -2971 -2835 -1802 -1257 -1165  -867  -486  -408  -359   828  1083  1473  2332  2639  2848  3668  4110  4183  4937  4526  4428
 -4746 -4106 -3772 -3615 -2971 -2835 -1802 -1257 -1165  -867  -486  -408  -359   828  1083  1473  2332  2639  2848  3668  4110  4183  4526  4937  4428
 -4746 -4106 -3772 -3615 -2971 -2835 -1802 -1257 -1165  -867  -486  -408  -359   828  1083  1473  2332  2639  2848  3668  4110  4183  4428  4937  4526
 -4746 -4106 -3772 -3615 -2971 -2835 -1802 -1257 -1165  -867  -486  -408  -359   828  1083  1473  2332  2639  2848  3668  4110  4183  4428  4526  4937
 -4746 -4106 -3772 -3615 -2971 -2835 -1802 -1257 -1165  -867  -486  -408  -359   828  1083  1473  2332  2639  2848  3668  4110  4183  4428  4526  4937
